step_10000_params.pkl: 0.0,0.0032
step_12000_params.pkl: 0.0,0.0008
step_14000_params.pkl: 0.0,0.0016
step_16000_params.pkl: 0.0,0.0008
step_18000_params.pkl: 0.0,0.0012
step_20000_params.pkl: 0.0,0.0024
step_22000_params.pkl: 0.0,0.0012
step_24000_params.pkl: 0.0,0.0012
step_26000_params.pkl: 0.0,0.002
step_28000_params.pkl: 0.0,0.0008
step_30000_params.pkl: 0.0,0.0016
step_32000_params.pkl: 0.0,0.004
step_34000_params.pkl: 0.0,0.0008
step_36000_params.pkl: 0.0,0.0
step_38000_params.pkl: 0.0,0.002
step_40000_params.pkl: 0.0,0.0024
step_42000_params.pkl: 0.0,0.0024
step_44000_params.pkl: 0.0,0.0016
step_46000_params.pkl: 0.0,0.0024
step_48000_params.pkl: 0.0,0.0012
step_50000_params.pkl: 0.0,0.0016
step_52000_params.pkl: 0.0,0.0016
step_54000_params.pkl: 0.0,0.002
step_56000_params.pkl: 0.0,0.002
step_58000_params.pkl: 0.02,0.001540740740740741
step_60000_params.pkl: 0.0,0.0012
step_62000_params.pkl: 0.0,0.0004
step_64000_params.pkl: 0.0,0.0008
step_66000_params.pkl: 0.0,0.0024
step_68000_params.pkl: 0.0,0.0016
step_70000_params.pkl: 0.0,0.0032
step_72000_params.pkl: 0.0,0.0008
step_74000_params.pkl: 0.0,0.002
step_76000_params.pkl: 0.0,0.0008
step_78000_params.pkl: 0.0,0.0008
step_80000_params.pkl: 0.02,0.0068000000000000005
step_82000_params.pkl: 0.0,0.002
step_84000_params.pkl: 0.0,0.002
step_86000_params.pkl: 0.0,0.002
step_88000_params.pkl: 0.0,0.0008
step_90000_params.pkl: 0.0,0.0016
step_92000_params.pkl: 0.0,0.0016
step_94000_params.pkl: 0.0,0.0024
step_96000_params.pkl: 0.0,0.0032
step_98000_params.pkl: 0.0,0.002
step_100000_params.pkl: 0.0,0.0016
step_102000_params.pkl: 0.0,0.0016
step_104000_params.pkl: 0.0,0.0032
step_106000_params.pkl: 0.0,0.0012
step_108000_params.pkl: 0.0,0.0016
step_110000_params.pkl: 0.0,0.0024
step_112000_params.pkl: 0.0,0.0012
step_114000_params.pkl: 0.0,0.0024
step_116000_params.pkl: 0.0,0.0016
step_118000_params.pkl: 0.0,0.0004
step_120000_params.pkl: 0.0,0.0016
step_122000_params.pkl: 0.0,0.0008
step_124000_params.pkl: 0.0,0.0004
step_126000_params.pkl: 0.0,0.0016
step_128000_params.pkl: 0.0,0.0016
step_130000_params.pkl: 0.0,0.0016
step_132000_params.pkl: 0.0,0.0032
step_134000_params.pkl: 0.0,0.0016
step_136000_params.pkl: 0.0,0.0016
step_138000_params.pkl: 0.0,0.0012
step_140000_params.pkl: 0.0,0.0008
step_142000_params.pkl: 0.0,0.0004
step_144000_params.pkl: 0.0,0.0016
step_146000_params.pkl: 0.0,0.0008
step_148000_params.pkl: 0.0,0.0016
step_150000_params.pkl: 0.0,0.0012
step_152000_params.pkl: 0.0,0.002
